---
build/images/our-band-is-called/ipad1.png: 2018-05-29 19:06:42.000000000 -04:00
build/images/our-band-is-called/ipad2.png: 2018-05-29 19:07:02.000000000 -04:00
build/images/our-band-is-called/ipad3.png: 2018-05-29 19:06:55.000000000 -04:00
build/images/computer_music.png: 2018-05-29 19:02:04.000000000 -04:00
build/images/devpost/macbook1.png: 2018-05-29 19:03:19.000000000 -04:00
build/images/devpost/ipad1.png: 2018-05-29 19:02:59.000000000 -04:00
build/images/devpost/ipad2.png: 2018-05-29 19:03:11.000000000 -04:00
build/images/my-daily-goal/iphone.png: 2018-05-29 19:07:29.000000000 -04:00
build/images/kanban/macbook.png: 2018-05-29 19:04:42.000000000 -04:00
build/images/easy-rsvp/2.png: 2018-05-29 19:04:29.000000000 -04:00
build/images/easy-rsvp/3.png: 2018-05-29 19:04:49.000000000 -04:00
build/images/easy-rsvp/1.png: 2018-05-29 19:04:15.000000000 -04:00
build/images/mostro/4.jpg: 2018-05-29 19:05:34.000000000 -04:00
build/images/mostro/2.jpg: 2018-05-29 19:04:19.000000000 -04:00
build/images/mostro/3.jpg: 2018-05-29 19:05:35.000000000 -04:00
build/images/mostro/1.jpg: 2018-05-29 19:04:17.000000000 -04:00
build/images/watchthis/lost_in_translation_ipad.png: 2018-05-29 19:08:33.000000000
  -04:00
build/images/watchthis/lost_in_translation_mac.png: 2018-05-29 19:08:37.000000000
  -04:00
build/images/watchthis/profile.png: 2018-05-29 19:08:46.000000000 -04:00
build/images/watchthis/my_movies.png: 2018-05-29 19:08:28.000000000 -04:00
build/favicon/favicon-16x16.png: 2018-05-29 19:01:55.000000000 -04:00
build/favicon/apple-icon.png: 2018-05-29 19:01:58.000000000 -04:00
build/favicon/apple-icon-144x144.png: 2018-05-29 19:01:53.000000000 -04:00
build/favicon/android-icon-192x192.png: 2018-05-29 19:01:50.000000000 -04:00
build/favicon/apple-icon-precomposed.png: 2018-05-29 19:01:58.000000000 -04:00
build/favicon/apple-icon-114x114.png: 2018-05-29 19:01:52.000000000 -04:00
build/favicon/ms-icon-310x310.png: 2018-05-29 19:02:00.000000000 -04:00
build/favicon/ms-icon-144x144.png: 2018-05-29 19:02:01.000000000 -04:00
build/favicon/apple-icon-57x57.png: 2018-05-29 19:01:53.000000000 -04:00
build/favicon/apple-icon-152x152.png: 2018-05-29 19:01:53.000000000 -04:00
build/favicon/ms-icon-150x150.png: 2018-05-29 19:01:58.000000000 -04:00
build/favicon/android-icon-72x72.png: 2018-05-29 19:01:48.000000000 -04:00
build/favicon/android-icon-96x96.png: 2018-05-29 19:01:50.000000000 -04:00
build/favicon/android-icon-36x36.png: 2018-05-29 19:01:47.000000000 -04:00
build/favicon/apple-icon-180x180.png: 2018-05-29 19:01:52.000000000 -04:00
build/favicon/favicon-96x96.png: 2018-05-29 19:01:56.000000000 -04:00
build/favicon/android-icon-48x48.png: 2018-05-29 19:01:47.000000000 -04:00
build/favicon/apple-icon-76x76.png: 2018-05-29 19:01:54.000000000 -04:00
build/favicon/apple-icon-60x60.png: 2018-05-29 19:01:53.000000000 -04:00
build/favicon/android-icon-144x144.png: 2018-05-29 19:01:49.000000000 -04:00
build/favicon/apple-icon-72x72.png: 2018-05-29 19:01:54.000000000 -04:00
build/favicon/apple-icon-120x120.png: 2018-05-29 19:01:52.000000000 -04:00
build/favicon/favicon-32x32.png: 2018-05-29 19:01:55.000000000 -04:00
build/favicon/ms-icon-70x70.png: 2018-05-29 19:01:58.000000000 -04:00
